#include<iostream>
#include<vector>
#include<string>
#include<fstream>
using namespace std;

int main()
{
	int a[8][8][8][8]={
{{{0,3,2,3,2,3,4,5},{3,4,1,2,3,4,3,4},{2,1,4,3,2,3,4,5},{3,2,3,2,3,4,3,4},{2,3,2,3,4,3,4,5},{3,4,3,4,3,4,5,4},{4,3,4,3,4,5,4,5},{5,4,5,4,5,4,5,6}}
,{{3,0,3,2,3,2,3,4},{2,3,2,1,2,3,4,3},{1,2,1,4,3,2,3,4},{2,3,2,3,2,3,4,3},{3,2,3,2,3,4,3,4},{4,3,4,3,4,3,4,5},{3,4,3,4,3,4,5,4},{4,5,4,5,4,5,4,5}}
,{{2,3,0,3,2,3,2,3},{1,2,3,2,1,2,3,4},{4,1,2,1,4,3,2,3},{3,2,3,2,3,2,3,4},{2,3,2,3,2,3,4,3},{3,4,3,4,3,4,3,4},{4,3,4,3,4,3,4,5},{5,4,5,4,5,4,5,4}}
,{{3,2,3,0,3,2,3,2},{2,1,2,3,2,1,2,3},{3,4,1,2,1,4,3,2},{2,3,2,3,2,3,2,3},{3,2,3,2,3,2,3,4},{4,3,4,3,4,3,4,3},{3,4,3,4,3,4,3,4},{4,5,4,5,4,5,4,5}}
,{{2,3,2,3,0,3,2,3},{3,2,1,2,3,2,1,2},{2,3,4,1,2,1,4,3},{3,2,3,2,3,2,3,2},{4,3,2,3,2,3,2,3},{3,4,3,4,3,4,3,4},{4,3,4,3,4,3,4,3},{5,4,5,4,5,4,5,4}}
,{{3,2,3,2,3,0,3,2},{4,3,2,1,2,3,2,1},{3,2,3,4,1,2,1,4},{4,3,2,3,2,3,2,3},{3,4,3,2,3,2,3,2},{4,3,4,3,4,3,4,3},{5,4,3,4,3,4,3,4},{4,5,4,5,4,5,4,5}}
,{{4,3,2,3,2,3,0,3},{3,4,3,2,1,2,3,2},{4,3,2,3,4,1,2,1},{3,4,3,2,3,2,3,2},{4,3,4,3,2,3,2,3},{5,4,3,4,3,4,3,4},{4,5,4,3,4,3,4,3},{5,4,5,4,5,4,5,4}}
,{{5,4,3,2,3,2,3,0},{4,3,4,3,2,1,4,3},{5,4,3,2,3,4,1,2},{4,3,4,3,2,3,2,3},{5,4,3,4,3,2,3,2},{4,5,4,3,4,3,4,3},{5,4,5,4,3,4,3,4},{6,5,4,5,4,5,4,5}}
}
,{{{3,2,1,2,3,4,3,4},{0,3,2,3,2,3,4,5},{3,2,1,2,3,4,3,4},{2,1,4,3,2,3,4,5},{3,2,3,2,3,4,3,4},{2,3,2,3,4,3,4,5},{3,4,3,4,3,4,5,4},{4,3,4,3,4,5,4,5}}
,{{4,3,2,1,2,3,4,3},{3,0,3,2,3,2,3,4},{2,3,2,1,2,3,4,3},{1,2,1,4,3,2,3,4},{2,3,2,3,2,3,4,3},{3,2,3,2,3,4,3,4},{4,3,4,3,4,3,4,5},{3,4,3,4,3,4,5,4}}
,{{1,2,3,2,1,2,3,4},{2,3,0,3,2,3,2,3},{1,2,3,2,1,2,3,4},{4,1,2,1,4,3,2,3},{3,2,3,2,3,2,3,4},{2,3,2,3,2,3,4,3},{3,4,3,4,3,4,3,4},{4,3,4,3,4,3,4,5}}
,{{2,1,2,3,2,1,2,3},{3,2,3,0,3,2,3,2},{2,1,2,3,2,1,2,3},{3,4,1,2,1,4,3,2},{2,3,2,3,2,3,2,3},{3,2,3,2,3,2,3,4},{4,3,4,3,4,3,4,3},{3,4,3,4,3,4,3,4}}
,{{3,2,1,2,3,2,1,2},{2,3,2,3,0,3,2,3},{3,2,1,2,3,2,1,2},{2,3,4,1,2,1,4,3},{3,2,3,2,3,2,3,2},{4,3,2,3,2,3,2,3},{3,4,3,4,3,4,3,4},{4,3,4,3,4,3,4,3}}
,{{4,3,2,1,2,3,2,1},{3,2,3,2,3,0,3,2},{4,3,2,1,2,3,2,1},{3,2,3,4,1,2,1,4},{4,3,2,3,2,3,2,3},{3,4,3,2,3,2,3,2},{4,3,4,3,4,3,4,3},{5,4,3,4,3,4,3,4}}
,{{3,4,3,2,1,2,3,4},{4,3,2,3,2,3,0,3},{3,4,3,2,1,2,3,2},{4,3,2,3,4,1,2,1},{3,4,3,2,3,2,3,2},{4,3,4,3,2,3,2,3},{5,4,3,4,3,4,3,4},{4,5,4,3,4,3,4,3}}
,{{4,3,4,3,2,1,2,3},{5,4,3,2,3,2,3,0},{4,3,4,3,2,1,2,3},{5,4,3,2,3,4,1,2},{4,3,4,3,2,3,2,3},{5,4,3,4,3,2,3,2},{4,5,4,3,4,3,4,3},{5,4,5,4,3,4,3,4}}
}
,{{{2,1,4,3,2,3,4,5},{3,2,1,2,3,4,3,4},{0,3,2,3,2,3,4,5},{3,2,1,2,3,4,3,4},{2,1,4,3,2,3,4,5},{3,2,3,2,3,4,3,4},{2,3,2,3,4,3,4,5},{3,4,3,4,3,4,5,4}}
,{{1,2,1,4,3,2,3,4},{2,3,2,1,2,3,4,3},{3,0,3,2,3,2,3,4},{2,3,2,1,2,3,4,3},{1,2,1,4,3,2,3,4},{2,3,2,3,2,3,4,3},{3,2,3,2,3,4,3,4},{4,3,4,3,4,3,4,5}}
,{{4,1,2,1,4,3,2,3},{1,2,3,2,1,2,3,4},{2,3,0,3,2,3,2,3},{1,2,3,2,1,2,3,4},{4,1,2,1,4,3,2,3},{3,2,3,2,3,2,3,4},{2,3,2,3,2,3,4,3},{3,4,3,4,3,4,3,4}}
,{{3,4,1,2,1,4,3,2},{2,1,2,3,2,1,2,3},{3,2,3,0,3,2,3,2},{2,1,2,3,2,1,2,3},{3,4,1,2,1,4,3,2},{2,3,2,3,2,3,2,3},{3,2,3,2,3,2,3,4},{4,3,4,3,4,3,4,3}}
,{{2,3,4,1,2,1,4,3},{3,2,1,2,3,2,1,2},{2,3,2,3,0,3,2,3},{3,2,1,2,3,2,1,2},{2,3,4,1,2,1,4,3},{3,2,3,2,3,2,3,2},{4,3,2,3,2,3,2,3},{3,4,3,4,3,4,3,4}}
,{{3,2,3,4,1,2,1,4},{4,3,2,1,2,3,2,1},{3,2,3,2,3,0,3,2},{4,3,2,1,2,3,2,1},{3,2,3,4,1,2,1,4},{4,3,2,3,2,3,2,3},{3,4,3,2,3,2,3,2},{4,3,4,3,4,3,4,3}}
,{{4,3,2,3,4,1,2,1},{3,4,3,2,1,2,3,2},{4,3,2,3,2,3,0,3},{3,4,3,2,1,2,3,2},{4,3,2,3,4,1,2,1},{3,4,3,2,3,2,3,2},{4,3,4,3,2,3,2,3},{5,4,3,4,3,4,3,4}}
,{{5,4,3,2,3,4,1,2},{4,3,4,3,2,1,2,3},{5,4,3,2,3,2,3,0},{4,3,4,3,2,1,2,3},{5,4,3,2,3,4,1,2},{4,3,4,3,2,3,2,3},{5,4,3,4,3,2,3,2},{4,5,4,3,4,3,4,3}}
}
,{{{3,2,3,2,3,4,3,4},{2,1,4,3,2,3,4,5},{3,2,1,2,3,4,3,4},{0,3,2,3,2,3,4,5},{3,2,1,2,3,4,3,4},{2,1,4,3,2,3,4,5},{3,2,3,2,3,4,3,4},{2,3,2,3,4,3,4,5}}
,{{2,3,2,3,2,3,4,3},{1,2,1,4,3,2,3,4},{2,3,2,1,2,3,4,3},{3,0,3,2,3,2,3,4},{2,3,2,1,2,3,4,3},{1,2,1,4,3,2,3,4},{2,3,2,3,2,3,4,3},{3,2,3,2,3,4,3,4}}
,{{3,2,3,2,3,2,3,4},{4,1,2,1,4,3,2,3},{1,2,3,2,1,2,3,4},{2,3,0,3,2,3,2,3},{1,2,3,2,1,2,3,4},{4,1,2,1,4,3,2,3},{3,2,3,2,3,2,3,4},{2,3,2,3,2,3,4,3}}
,{{2,3,2,3,2,3,2,3},{3,4,1,2,1,4,3,2},{2,1,2,3,2,1,2,3},{3,2,3,0,3,2,3,2},{2,1,2,3,2,1,2,3},{3,4,1,2,1,4,3,2},{2,3,2,3,2,3,2,3},{3,2,3,2,3,2,3,4}}
,{{3,2,3,2,3,2,3,2},{2,3,4,1,2,1,4,3},{3,2,1,2,3,2,1,2},{2,3,2,3,0,3,2,3},{3,2,1,2,3,2,1,2},{2,3,4,1,2,1,4,3},{3,2,3,2,3,2,3,2},{4,3,2,3,2,3,2,3}}
,{{4,3,2,3,2,3,2,3},{3,2,3,4,1,2,1,4},{4,3,2,1,2,3,2,1},{3,2,3,2,3,0,3,2},{4,3,2,1,2,3,2,1},{3,2,3,4,1,2,1,4},{4,3,2,3,2,3,2,3},{3,4,3,2,3,2,3,2}}
,{{3,4,3,2,3,2,3,2},{4,3,2,3,4,1,2,1},{3,4,3,2,1,2,3,2},{4,3,2,3,2,3,0,3},{3,4,3,2,1,2,3,2},{4,3,2,3,4,1,2,1},{3,4,3,2,3,2,3,2},{4,3,4,3,2,3,2,3}}
,{{4,3,4,3,2,3,2,3},{5,4,3,2,3,4,1,2},{4,3,4,3,2,1,2,3},{5,4,3,2,3,2,3,0},{4,3,4,3,2,1,2,3},{5,4,3,2,3,4,1,2},{4,3,4,3,2,3,2,3},{5,4,3,4,3,2,3,2}}
}
,{{{2,3,2,3,4,3,4,5},{3,2,3,2,3,4,3,4},{2,1,4,3,2,3,4,5},{3,2,1,2,3,4,3,4},{0,3,2,3,2,3,4,5},{3,2,1,2,3,4,3,4},{2,1,4,3,2,3,4,5},{3,2,3,2,3,4,3,4}}
,{{3,2,3,2,3,4,3,4},{2,3,2,3,2,3,4,3},{1,2,1,4,3,2,3,4},{2,3,2,1,2,3,4,3},{3,0,3,2,3,2,3,4},{2,3,2,1,2,3,4,3},{1,2,1,4,3,2,3,4},{2,3,2,3,2,3,4,3}}
,{{2,3,2,3,2,3,4,3},{3,2,3,2,3,2,3,4},{4,1,2,1,4,3,2,3},{1,2,3,2,1,2,3,4},{2,3,0,3,2,3,2,3},{1,2,3,2,1,2,3,4},{4,1,2,1,4,3,2,3},{3,2,3,2,3,2,3,4}}
,{{3,2,3,2,3,2,3,4},{2,3,2,3,2,3,2,3},{3,4,1,2,1,4,3,2},{2,1,2,3,2,1,2,3},{3,2,3,0,3,2,3,2},{2,1,2,3,2,1,2,3},{3,4,1,2,1,4,3,2},{2,3,2,3,2,3,2,3}}
,{{4,3,2,3,2,3,2,3},{3,2,3,2,3,2,3,2},{2,3,4,1,2,1,4,3},{3,2,1,2,3,2,1,2},{2,3,2,3,0,3,2,3},{3,2,1,2,3,2,1,2},{2,3,4,1,2,1,4,3},{3,2,3,2,3,2,3,2}}
,{{3,4,3,2,3,2,3,2},{4,3,2,3,2,3,2,3},{3,2,3,4,1,2,1,4},{4,3,2,1,2,3,2,1},{3,2,3,2,3,0,3,2},{4,3,2,1,2,3,2,1},{3,2,3,4,1,2,1,4},{4,3,2,3,2,3,2,3}}
,{{4,3,4,3,2,3,2,3},{3,4,3,2,3,2,3,2},{4,3,2,3,4,1,2,1},{3,4,3,2,1,2,3,2},{4,3,2,3,2,3,0,3},{3,4,3,2,1,2,3,2},{4,3,2,3,4,1,2,1},{3,4,3,2,3,2,3,2}}
,{{5,4,3,4,3,2,3,2},{4,3,4,3,2,3,2,3},{5,4,3,2,3,4,1,2},{4,3,4,3,2,1,2,3},{5,4,3,2,3,2,3,0},{4,3,4,3,2,1,2,3},{5,4,3,2,3,4,1,2},{4,3,4,3,2,3,2,3}}
}
,{{{3,4,3,4,3,4,5,4},{2,3,2,3,4,3,4,5},{3,2,3,2,3,4,3,4},{2,1,4,3,2,3,4,5},{3,2,1,2,3,4,3,4},{0,3,2,3,2,3,4,5},{3,2,1,2,3,4,3,4},{2,1,4,3,2,3,4,5}}
,{{4,3,4,3,4,3,4,5},{3,2,3,2,3,4,3,4},{2,3,2,3,2,3,4,3},{1,2,1,4,3,2,3,4},{2,3,2,1,2,3,4,3},{3,0,3,2,3,2,3,4},{2,3,2,1,2,3,4,3},{1,2,1,4,3,2,3,4}}
,{{3,4,3,4,3,4,3,4},{2,3,2,3,2,3,4,3},{3,2,3,2,3,2,3,4},{4,1,2,1,4,3,2,3},{1,2,3,2,1,2,3,4},{2,3,0,3,2,3,2,3},{1,2,3,2,1,2,3,4},{4,1,2,1,4,3,2,3}}
,{{4,3,4,3,4,3,4,3},{3,2,3,2,3,2,3,4},{2,3,2,3,2,3,2,3},{3,4,1,2,1,4,3,2},{2,1,2,3,2,1,2,3},{3,2,3,0,3,2,3,2},{2,1,2,3,2,1,2,3},{3,4,1,2,1,4,3,2}}
,{{3,4,3,4,3,4,3,4},{4,3,2,3,2,3,2,3},{3,2,3,2,3,2,3,2},{2,3,4,1,2,1,4,3},{3,2,1,2,3,2,1,2},{2,3,2,3,0,3,2,3},{3,2,1,2,3,2,1,2},{2,3,4,1,2,1,4,3}}
,{{4,3,4,3,4,3,4,3},{3,4,3,2,3,2,3,2},{4,3,2,3,2,3,2,3},{3,2,3,4,1,2,1,4},{4,3,2,1,2,3,2,1},{3,2,3,2,3,0,3,2},{4,3,2,1,2,3,2,1},{3,2,3,4,1,2,1,4}}
,{{5,4,3,4,3,4,3,4},{4,3,4,3,2,3,2,3},{3,4,3,2,3,2,3,2},{4,3,2,3,4,1,2,1},{3,4,3,2,1,2,3,2},{4,3,2,3,2,3,0,3},{3,4,3,2,1,2,3,2},{4,3,2,3,4,1,2,1}}
,{{4,5,4,3,4,3,4,3},{5,4,3,4,3,2,3,2},{4,3,4,3,2,3,2,3},{5,4,3,2,3,4,1,2},{4,3,4,3,2,1,2,3},{5,4,3,2,3,2,3,0},{4,3,4,3,2,1,2,3},{5,4,3,2,3,4,1,2}}
}
,{{{4,3,4,3,4,5,4,5},{3,4,3,4,3,4,5,4},{2,3,2,3,4,3,4,5},{3,2,3,2,3,4,3,4},{2,1,4,3,2,3,4,5},{3,2,1,2,3,4,3,4},{0,3,2,3,2,3,4,5},{3,2,1,2,3,4,3,4}}
,{{3,4,3,4,3,4,5,4},{4,3,4,3,4,3,4,5},{3,2,3,2,3,4,3,4},{2,3,2,3,2,3,4,3},{1,2,1,4,3,2,3,4},{2,3,2,1,2,3,4,3},{3,0,3,2,3,2,3,4},{4,3,2,1,2,3,4,3}}
,{{4,3,4,3,4,3,4,5},{3,4,3,4,3,4,3,4},{2,3,2,3,2,3,4,3},{3,2,3,2,3,2,3,4},{4,1,2,1,4,3,2,3},{1,2,3,2,1,2,3,4},{2,3,0,3,2,3,2,3},{1,2,3,2,1,2,3,4}}
,{{3,4,3,4,3,4,3,4},{4,3,4,3,4,3,4,3},{3,2,3,2,3,2,3,4},{2,3,2,3,2,3,2,3},{3,4,1,2,1,4,3,2},{2,1,2,3,2,1,2,3},{3,2,3,0,3,2,3,2},{2,1,2,3,2,1,2,3}}
,{{4,3,4,3,4,3,4,3},{3,4,3,4,3,4,3,4},{4,3,2,3,2,3,2,3},{3,2,3,2,3,2,3,2},{2,3,4,1,2,1,4,3},{3,2,1,2,3,2,1,2},{2,3,2,3,0,3,2,3},{3,2,1,2,3,2,1,2}}
,{{5,4,3,4,3,4,3,4},{4,3,4,3,4,3,4,3},{3,4,3,2,3,2,3,2},{4,3,2,3,2,3,2,3},{3,2,3,4,1,2,1,4},{4,3,2,1,2,3,2,1},{3,2,3,2,3,0,3,2},{4,3,2,1,2,3,2,1}}
,{{4,5,4,3,4,3,4,3},{5,4,3,4,3,4,3,4},{4,3,4,3,2,3,2,3},{3,4,3,2,3,2,3,2},{4,3,2,3,4,1,2,1},{3,4,3,2,1,2,3,2},{4,3,2,3,2,3,0,3},{3,4,3,2,1,2,3,4}}
,{{5,4,5,4,3,4,3,4},{4,5,4,3,4,3,4,3},{5,4,3,4,3,2,3,2},{4,3,4,3,2,3,2,3},{5,4,3,2,3,4,1,2},{4,3,4,3,2,1,2,3},{5,4,3,2,3,2,3,0},{4,3,4,3,2,1,2,3}}
}
,{{{5,4,5,4,5,4,5,6},{4,3,4,3,4,5,4,5},{3,4,3,4,3,4,5,4},{2,3,2,3,4,3,4,5},{3,2,3,2,3,4,3,4},{2,1,4,3,2,3,4,5},{3,4,1,2,3,4,3,4},{0,3,2,3,2,3,4,5}}
,{{4,5,4,5,4,5,4,5},{3,4,3,4,3,4,5,4},{4,3,4,3,4,3,4,5},{3,2,3,2,3,4,3,4},{2,3,2,3,2,3,4,3},{1,2,1,4,3,2,3,4},{2,3,2,1,2,3,4,3},{3,0,3,2,3,2,3,4}}
,{{5,4,5,4,5,4,5,4},{4,3,4,3,4,3,4,5},{3,4,3,4,3,4,3,4},{2,3,2,3,2,3,4,3},{3,2,3,2,3,2,3,4},{4,1,2,1,4,3,2,3},{1,2,3,2,1,2,3,4},{2,3,0,3,2,3,2,3}}
,{{4,5,4,5,4,5,4,5},{3,4,3,4,3,4,3,4},{4,3,4,3,4,3,4,3},{3,2,3,2,3,2,3,4},{2,3,2,3,2,3,2,3},{3,4,1,2,1,4,3,2},{2,1,2,3,2,1,2,3},{3,2,3,0,3,2,3,2}}
,{{5,4,5,4,5,4,5,4},{4,3,4,3,4,3,4,3},{3,4,3,4,3,4,3,4},{4,3,2,3,2,3,2,3},{3,2,3,2,3,2,3,2},{2,3,4,1,2,1,4,3},{3,2,1,2,3,2,1,2},{2,3,2,3,0,3,2,3}}
,{{4,5,4,5,4,5,4,5},{5,4,3,4,3,4,3,4},{4,3,4,3,4,3,4,3},{3,4,3,2,3,2,3,2},{4,3,2,3,2,3,2,3},{3,2,3,4,1,2,1,4},{4,3,2,1,2,3,2,1},{3,2,3,2,3,0,3,2}}
,{{5,4,5,4,5,4,5,4},{4,5,4,3,4,3,4,3},{5,4,3,4,3,4,3,4},{4,3,4,3,2,3,2,3},{3,4,3,2,3,2,3,2},{4,3,2,3,4,1,2,1},{3,4,3,2,1,2,3,2},{4,3,2,3,2,3,0,3}}
,{{6,5,4,5,4,5,4,5},{5,4,5,4,3,4,3,4},{4,5,4,3,4,3,4,3},{5,4,3,4,3,2,3,2},{4,3,4,3,2,3,2,3},{5,4,3,2,3,4,1,2},{4,3,4,3,2,1,4,3},{5,4,3,2,3,2,3,0}}
}
}
;
string s,t;
	while(cin>>s>>t)
	{
		cout<<"To get from "<<s<<" to "<<t<<" takes "<<a[s[0]-'a'][s[1]-'1'][t[0]-'a'][t[1]-'1']   <<" knight moves.\n";

	}
}
